AngleX=1.365667e-05
AngleY=7.456414e-06
AngleZ=6.666244e-03
DAC=[230,270,310,350,390,430,470,510,545]
Scale=[1.027868,1.020982,1.013997,1.006980,1.00000,0.9928223,0.9859697,0.9792156,0.9734986]
ScaleRef=1.324096
